function [colors] = getColorsRGB()


colors = [[1 0 0]
    [0 1 0]
    [0 0 1]
    [1 0 1]
    [0 1 1]
    [.1 .1 .1]
    [1 .5 0]
    [0 .5 0]
    [.5 .5 .5]
    [.5 .25 0]
    [.5 0 .5]
    [0 .5 1]
    [1 0 0]
    [0 1 0]
    [0 0 1]
    [1 0 1]
    [0 1 1]
    [.1 .1 .1]
    [1 .5 0]
    [0 .5 0]
    [.5 .5 .5]
    [.5 .25 0]
    [.5 0 .5]
    [0 .5 1]
    [1 0 0]
    [0 1 0]
    [0 0 1]
    [1 0 1]
    [0 1 1]
    [.1 .1 .1]
    [1 .5 0]
    [0 .5 0]
    [.5 .5 .5]
    [.5 .25 0]
    [.5 0 .5]
    [0 .5 1]];