list(J=20, x=c(0, 0, 2, 0, 1, 1, 0, 2, 1, 3, 0, 1, 1, 1, 54, 0, 0, 1, 3, 0), n=c(1083, 855, 3461, 657, 1208, 1025, 527, 1668, 583, 582, 917, 857, 680, 917, 53637, 874, 395, 581, 588, 383))
