list(theta=c(0.000993313, 0.000993313, 0.000993313, 0.000993313, 0.000993313, 0.000993313, 0.000993313, 0.000993313, 0.000993313, 0.000993313, 0.000993313, 0.000993313, 0.000993313, 0.000993313, 0.000993313, 0.000993313, 0.000993313, 0.000993313, 0.000993313, 0.000993313), a=1, b=1)
