list(theta=c(0.000993313, 0.000993313, 0.000993313, 0.000993313, 0.000993313, 0.000993313, 0.000993313, 0.000993313, 0.000993313, 0.000993313, 0.000993313, 0.000993313, 0.000993313, 0.000993313, 0.000993313, 0.000993313, 0.000993313, 0.000993313, 0.000993313, 0.000993313), a=0.1, b=0.1)
