list(theta=c(0.000993313, 0.000993313, 0.000993313, 0.000993313, 0.000993313, 0.000993313, 0.000993313, 0.000993313, 0.000993313, 0.000993313, 0.000993313, 0.000993313, 0.000993313, 0.000993313, 0.000993313, 0.000993313, 0.000993313, 0.000993313, 0.000993313, 0.000993313), a=10, b=10)
